801416
895617
1466118
361629
1015388
392934
1099002
0
386914
763079
0
245637
335821
0
560207
598232
0
329386
526434
-908
339836
598457
215282
325078
1467583
-174
209525
219141
991965
1137536
1232014
626776
204238
178642
1290497
526125
1441003
454116
850665
187315
181639
885647
958175
158214
606634
1270847
1141221
193967
680343
1361235
0
750842
369521
1051193
583735
0
1195907
-67
-629
1342359
0
536067
1077409
582461
1233364
834134
502252
991523
-71
1107496
154084
1295116
1125994
238613
1014894
1454570
214671
285022
249774
186055
946284
228845
992149
1266019
0
916756
987222
-812
1072627
476548
296091
368975
639201
0
-364
1414492
534859
1367859
690307
886902
418442
192775
414740
915409
477051
1385269
810969
791201
1468262
18838
1014094
455284
1375867
198743
843931
1007830
945399
466325
1437710
1437915
1202219
971571
827153
1209680
368663
6027
51509
1094610
1358946
281137
1137493
69533
844830
292517
660959
109776
1442300
24345
34264
1238831
1227749
1127111
1029762
494806
563451
102603
445247
684652
805231
385514
1042289
697682
749390
769106
1439209
85428
243875
854904
448050
301480
1036195
685357
1071253
0
725223
1041677
717138
1066304
735109
200261
1027047
579788
1034078
553642
1401949
0
571085
575006
1170052
972860
1273383
-845
-15
476226
0
214384
1336846
14611
-433
311334
497662
171516
107413
196271
-521
616568
-567
1430533
1353167
751466
216858
191791
-274
1098784
84344
1483412
868305
1159426
87810
0
-887
894155
327913
574600
633081
1145012
1130713
914899
1170063
0
242553
-158
232146
711935
36497
1123335
675023
832977
636429
1373425
1434266
0
594247
287389
176241
516803
1095428
1046639
962587
853018
1220063
616054
819034
0
0
1286962
1488085
1298628
1286901
730179
367424
988882
1161077
1404630
386761
46555
683505
972207
510993
706014
638704
665318
108107
1312115
1047935
699908
190011
321087
772803
1425683
1455066
1258783
399355
738318
903041
721189
52088
470315
591314
0
886489
882468
570281
821066
304492
0
545382
927561
-480
458373
1262415
1192085
907163
1409137
358717
1047928
551850
484581
1260032
715330
476624
506522
655647
1173628
1177617
1273251
590737
266647
987983
1370234
1007558
915700
476983
1392089
710434
1344863
545864
232209
934428
485161
1406998
-828
1190784
960384
884325
300682
1430519
60278
19254
920103
1087238
863211
1305558
92175
306140
589441
119118
128860
1484654
562667
139566
809557
1115387
1037630
1488721
735804
789354
1453117
110065
1119547
1088938
554537
1186850
81926
556057
852952
1234737
530837
60209
1334303
-796
1497083
127909
1053871
335701
1006028
411965
1454994
1043269
1265897
412958
472834
1298694
1440198
1410865
729337
674955
1017860
940668
1104954
432865
471267
70823
1141863
800176
1269610
949785
210676
1183985
793076
32456
213446
1454917
1455630
114170
979376
710452
762055
683989
816181
1406210
792648
1349444
1125167
1428833
662031
155842
644843
575105
175996
996874
29041
285481
1234110
620648
0
422573
877532
720126
-590
557689
-832
632761
1392696
0
75968
1465393
334962
1177938
373382
502584
183300
1189878
1180950
1310628
975914
888706
-831
890199
1350589
103975
268734
741616
1137013
950426
1467089
17108
695325
152477
779347
461591
1105261
428510
1443354
1351772
184817
181416
755655
324809
-909
105734
215249
920744
0
383507
823550
1215887
1488551
77512
243042
1473389
1392850
173004
369995
739552
25578
759664
1035889
528187
1461445
990212
147886
878767
570933
1072279
210902
263070
551798
1037545
338057
1357223
-718
-926
-582
445795
161847
959299
266341
979895
1048535
48618
366182
221137
1150229
-727
243991
1155569
1159882
1326117
0
924705
219072
1378789
46572
-690
650823
-974
1357178
151833
356240
764192
1179482
996096
957836
1220311
287184
32778
461441
912890
1432821
631801
716351
0
487495
666707
1468174
430868
242924
0
968649
204130
466460
1329625
1190580
-847
628024
80428
13530
1343443
955639
1278083
1270670
582944
1432964
233691
1281776
496444
1262925
1154082
180905
1431281
612481
643094
1485099
0
355763
-49
1084365
39152
1333387
287945
1495100
661973
636288
966547
594602
1187833
0
658232
798755
851518
1452053
1100125
1188182
1461910
621282
169035
1204780
491632
-445
1407001
1142019
1075855
1059251
42449
1219221
150385
-471
926624
1305295
207452
62391
1388509
1260912
73906
568038
308454
1367024
1407727
102226
54764
1066415
265547
819334
626307
1487600
883103
1124161
559330
701828
277790
1088376
1217736
0
772047
24204
689860
-207
227444
638070
27418
677174
276302
1072675
0
888962
490483
100424
72037
651683
628872
1091650
807404
332563
680302
1009916
940350
669578
1012166
54143
1346675
695145
15151
862307
577803
169899
345514
1146140
1457696
126914
0
1155864
0
790347
737534
363142
1009293
1004441
823869
-809
255901
329355
646902
1163694
1263121
752491
1121543
1184750
-89
109692
871755
38168
427542
513147
595586
715426
-459
1032584
1492005
1119994
307382
175784
1268263
390781
1097518
271828
1200499
410618
-806
1204551
870950
-127
1240485
0
1485787
1026331
720679
1157343
405335
1029552
1045794
708457
0
513635
54135
1473977
835658
1209387
1028347
353953
1327501
1079180
402504
732840
169763
468442
423649
291365
48874
986580
1045431
817310
1015422
240714
714281
975902
734022
653306
385535
58724
857905
281738
369536
1276499
822070
597038
327218
1241615
9146
952184
0
-337
822721
330427
41782
375379
1280495
1059114
1259556
148431
0
358105
868477
465650
1162079
385961
1350130
614810
480382
297225
443254
1465781
870384
445397
1456896
408543
335163
1421074
817571
981110
285432
287896
990827
934430
155329
262509
559464
1049225
847439
1206011
518510
386189
294757
963897
1246511
451712
768386
886885
264369
961341
886101
267958
924423
1357668
344756
731416
1154022
204213
145920
1287170
-427
224852
1115557
0
1007062
146278
1321877
936387
1018803
177457
227513
88179
378515
475719
-627
759289
1145830
1485265
527521
1147497
828542
596236
561615
468745
271890
1165757
1268986
585069
1237863
832696
405190
323417
0
42124
1423872
534777
1167889
1185077
-605
1178338
580798
123787
872077
323666
260124
407106
1436021
312438
601088
534467
214942
951149
1491906
1442263
439002
1081338
1389275
1318910
1383040
-552
1194079
471923
276504
1271097
1166408
207430
16767
324757
195821
274572
1435579
795541
657257
401511
1101004
1347767
170696
930813
0
1260653
1495306
70817
492171
295708
454064
793420
752186
0
753545
891663
160062
1195746
1130426
761079
83595
452121
49647
1380099
592538
-451
1260228
99878
714307
1131809
510220
1127352
-755
933278
12491
-274
480216
947910
215755
48825
905099
1429444
1199160
1102385
468787
1144717
496828
421555
1465809
0
-412
575528
1476630
1408151
897984
888319
774207
735179
932180
1067596
779534
1012782
324412
126432
127632
492773
56502
1280370
1078606
1285699
216198
1478993
1060036
885456
1287013
566766
1233909
172773
1004835
1052306
518665
441731
0
532490
88742
919685
522340
1245760
1475963
1339647
1148907
194210
-674
0
698748
1204763
222602
103432
195511
1219060
217890
179676
0
875585
1258163
1161537
0
859773
394678
1055112
328101
1325598
1209020
-937
913831
885345
643824
498740
1140356
1045312
295393
0
1261453
996040
59146
89280
78937
819741
496284
1139471
1471376
915357
1064053
1315108
1292584
280917
698044
1012987
498151
1018411
1435670
301651
305202
305191
653075
1264029
254696
1228683
219304
28322
673966
219383
1067584
521225
1363414
792962
298462
1109335
154590
1294894
142570
1016030
67154
980294
385864
1123321
514577
1161940
1211595
1126086
360265
-837
0
807037
1112813
453549
1300537
0
577941
896085
55237
1121924
302272
1403549
1470350
427398
917347
-122
401766
-516
35851
562570
703497
839384
1136130
2426
213800
1276498
143535
1214988
17347
642542
813890
1149859
513850
935997
1305740
213262
63881
612392
1388992
1177727
515547
567689
842385
622004
1278682
1081115
60047
454173
161614
1252488
639488
150102
346688
641489
1295476
-959
456347
626553
652370
1478066
845241
539395
158883
1454864
568404
109539
1461970
695383
775789
997126
723746
845797
916983
825598
1487062
241765
1369572
30418
0
471261
666572
921876
769411
1437818
787953
788404
1393895
942032
905016
581000
323093
310676
985449
809341
392041
458587
844767
421039
962357
1002919
517903
-895
1136735
1138368
1302914
-167
457085
728708
-37
131646
1336940
260007
527919
859783
1251172
1051444
548869
240614
1463284
734454
902632
952556
1206189
1093959
462801
1017613
652222
1090283
1253761
58051
1412054
0
936319
448792
65523
1292648
189525
633863
397415
255568
354071
1265337
-29
120590
428292
76316
987406
839415
137464
178944
1253194
26874
613581
0
765076
273379
627048
879385
710757
679536
825325
814288
1354172
1360127
1104468
0
327566
1338824
1126187
524688
803450
802668
0
955538
1021127
724492
498163
1077038
573452
835426
1158629
740639
1432191
914001
614569
1266059
0
490393
387386
906717
165294
1395221
1491879
1045008
-408
81459
0
962364
1371786
43261
1452787
1097739
1016646
989110
1245482
1380430
1287633
464730
236936
774265
195112
-769
453444
1145747
476631
636789
909279
1039262
1242984
774220
-564
474854
1117035
271111
207718
392534
977362
82512
654681
631770
1140990
1285416
274161
1411073
374801
1043732
954570
723250
200052
344952
781313
1401900
1452639
-932
1092335
1255437
227643
1211213
1417394
571756
1003046
641153
944050
292528
1172809
1356028
829655
0
910067
0
1314309
1272165
824907
972957
1073876
459183
1215771
597000
1409622
1267241
484563
0
1148072
1336447
877745
1400633
1070771
942854
632987
993142
1256649
1047294
192703
533158
1293825
874244
24003
713495
803772
985719
-343
1379674
64349
608974
3248
419148
444576
1179581
380827
695063
99563
1162474
1100743
1304299
755698
575009
453956
379262
1047908
779584
1054755
787060
362345
894348
127931
228472
19084
870928
439168
1029248
0
317533
322948
1480685
384636
338602
629625
1484567
109707
360007
1269966
727561
0
856864
1437478
1186092
230592
851608
-526
600914
918232
7000
1405231
0
0
168933
825227
105450
299363
848783
491227
1216442
183074
639830
234786
238472
590562
186501
537481
1229802
656652
1263512
1344435
66303
-866
114799
1341014
36062
1332949
507022
1053592
1143328
954647
267246
949044
133479
444924
1130044
1488818
624005
617763
37750
118048
1320595
196731
-727
659844
91769
1022788
260677
1038876
535225
456199
875933
874658
135088
193367
0
-374
175814
1173584
765396
943665
1427051
1321657
22287
1379553
253617
861209
199918
752541
1491876
1437305
175321
638720
1081562
1454131
1201457
-447
1242437
423379
1375465
277885
300255
1434598
211812
302915
83894
167059
1312947
720067
917792
1298765
-503
1161987
783448
680272
961778
717152
967302
741964
439214
1429741
871355
-401
31620
118765
237373
1100930
953233
203793
436266
765070
915935
429065
1334559
1364158
1356367
619569
892931
1438699
581425
1374697
755246
600055
263289
1029998
1424201
642097
1248848
352220
1326223
745530
155821
220752
164697
1415486
140131
718377
1109858
1371006
714892
37559
1350329
59228
1498128
742785
0
706802
-58
298060
1209453
482602
336882
259433
602219
1040230
1171122
1163721
421538
841608
113602
404129
1061843
786828
0
662193
1270774
793013
1001807
290924
-823
1077721
573740
1127871
1144257
-468
833370
1200397
240719
463788
0
926896
726846
390455
479313
1239857
867177
876222
1321935
866098
992045
371180
1215113
291886
23482
82986
101969
691842
627117
455189
453573
690737
0
1225846
497762
644100
354595
377201
1269784
45339
411038
955531
614530
1107986
480775
502633
1051842
0
756445
1241700
1128108
-469
-932
838598
428747
295388
1211083
813
1428735
742214
-142
589815
188520
1449672
952430
0
1009238
1222469
829184
1009534
530154
1294350
1411171
1313030
-94
507566
1357890
913929
980154
926322
1389275
-792
804002
-481
16319
429573
1050587
680863
950557
1116452
1048319
-380
438092
1013328
0
738773
33180
872648
270774
973359
873435
747442
1136881
-6
1047956
235695
44734
142908
784071
0
599721
599115
1224869
36528
192364
721231
753553
-478
1496028
1276911
-961
864530
1291145
1083578
745610
1125862
957082
1368826
0
1478075
1123857
0
1197073
688975
510530
188930
1235906
1071262
1282190
244407
461553
990895
1197937
946487
262911
527077
1467970
381157
1137202
1080102
871371
484961
312534
851702
197340
1146133
986682
640878
326510
871724
784915
688291
1146243
1014285
224810
326165
84985
1181740
1012808
1227483
786319
1482239
1420429
701608
-289
1367169
54397
1005306
1021313
1107100
0
224361
937662
442319
1124466
204571
1089668
138234
1232047
-503
339000
1441779
545868
432585
1287716
1350651
106763
751465
0
535828
784016
1018471
593350
831485
637637
1255897
463621
922671
646113
-263
572521
489907
165057
1111500
1372377
623446
429255
313734
82252
1279878
1165992
774366
1005970
652919
415139
305608
0
0
887803
-97
1084694
803027
346466
897256
138494
1141144
1037894
926199
248925
1240210
1145682
384887
716503
1109894
103091
367876
934832
135581
1465146
702857
-828
1363826
1099995
465056
884101
-518
296513
1407530
912709
0
690831
457463
0
1359056
781942
882
1023173
239462
1171957
502373
1441860
948783
1192319
1484463
-632
1172649
1130877
660896
244074
803484
54591
317818
631953
381088
0
263161
466979
1096273
225106
810550
433766
196117
0
0
998717
913477
0
520079
1094699
246226
1423142
220261
521826
998083
844554
1041119
878863
586925
786843
218068
850194
56723
847516
351066
1424194
863854
552291
1248478
774896
540361
1338668
1358761
968994
574748
0
-733
0
0
495172
26069
30298
643239
1017503
671752
886161
605833
226725
1045238
22948
685262
302826
400373
212385
987781
408767
1140033
246708
327607
838906
420550
407019
325168
308823
510752
1037901
990248
70831
347202
238318
442752
16567
639966
705282
896680
1073467
951495
831931
208126
1280634
663291
664299
378933
908478
213720
0
1099746
229390
1209907
1384157
0
1281788
1104538
395529
802424
730645
1431940
331803
569563
657795
1159996
348419
1494964
1087631
1113330
770818
1112609
176066
1031074
1303100
683764
493213
865523
128724
1332708
77222
1352016
766574
71680
0
1378453
1470135
557521
830392
380509
1366708
180362
1251836
755026
904680
1210633
0
0
105146
1140776
0
322778
965411
124803
1434524
1396836
1308268
594057
227139
658149
569625
1243652
-257
599843
285503
874543
1442865
1184189
-791
-351
481101
-531
-263
357386
257577
1093526
1329453
1383307
1380148
425111
507243
452891
1356093
798769
576361
886466
643230
468311
1432652
6015
617066
579863
319943
1277577
1476215
0
1203668
16844
30947
1352948
925972
742580
1331153
595047
-736
1499833
1011285
1034910
707147
632565
1165626
1048098
508231
1086397
832121
1301803
706950
962226
666475
508662
813239
637430
1171881
-89
399962
433035
911172
1333346
463747
1025796
1436633
282915
366098
409079
1412200
126841
1158496
289486
1462316
369461
1253184
1008775
859363
1161291
1339079
175602
628336
1185312
353112
883319
715799
179505
809582
109377
1490255
620921
1080262
1033340
1132818
397228
1400545
1084163
1235006
291462
18367
1220743
294503
538553
876512
11753
778269
484684
312931
1463564
1369042
0
-633
442433
930846
1187616
61799
859987
1267565
1321946
0
814106
626741
47989
930063
723549
866151
214877
330770
323022
1334541
1060320
0
-901
330245
1190128
-425
573140
22007
559323
892020
343332
283557
498160
320480
924718
1381108
988023
1376367
242780
1274438
-506
871246
1249387
450228
1260032
728004
1344687
900457
1019416
1429469
111929
728313
1395326
1166695
421003
1048733
105738
891540
-968
147371
997734
600196
1352898
287102
85640
1261047
22529
1431470
548528
0
2316
1433617
1293159
1075380
0
1429662
437185
471225
717020
435595
0
1391453
0
223791
240835
136254
1270750
1252460
1489166
-241
608163
13001
-384
-747
764911
110364
483896
660491
388763
1120399
-943
-614
343271
376623
1221636
369823
723816
495598
519578
1336115
1010618
627849
1330394
225560
762243
448904
953419
569765
590892
294025
553830
1231375
775702
71704
1103029
642849
341333
-444
268729
577169
1244333
1188623
230646
0
974388
1341224
1231757
1351769
1149871
1035415
440535
125089
1005231
430109
392992
758522
465107
1313602
1463871
1354890
1424508
849686
899408
416921
0
0
842377
1306884
0
888757
194680
997658
1079453
466728
184131
648364
0
221848
978885
13300
246299
946814
1172986
433929
1072915
1376584
749702
400535
259647
-237
403714
892985
598073
-643
450843
1471508
1349676
672552
1477829
238200
832321
489212
1007665
286092
154971
1279374
602167
736816
1457072
1083704
1400997
368034
1312147
868802
194984
0
361682
0
1412484
1409826
252222
1295093
557467
198246
577414
356777
33300
339679
1381563
1198600
536825
548183
960155
1245974
1146878
117345
1300684
576178
883356
-662
-304
1452504
645261
340109
695682
860254
168084
1110500
0
413044
-862
28033
1179503
195875
539098
1441820
1278122
686441
506413
380962
888735
0
809132
365055
1147130
842916
785821
390269
477712
559650
-541
209297
1002100
683118
1286494
380824
258082
122261
-378
304756
972463
983530
1299429
666391
1475549
270951
1135244
70062
964744
905315
1104010
0
0
832660
444756
423220
801703
433238
507590
248577
379300
206992
2642
1474396
1074937
1310736
1266824
566340
353499
979918
-101
1835
1024452
614798
303930
660402
330620
1141504
727639
689778
420397
1309893
0
1378537
0
1489876
447233
1001952
0
1050893
0
1479795
654194
1210092
313890
467961
941192
696023
763263
1471270
1009989
1043766
937586
1456931
-170
-532
473401
107496
804961
0
452355
694776
788548
-44
862779
1271118
1276795
-704
1494455
1046107
-27
794902
898788
679438
307601
582061
1314795
818234
457854
64642
783176
998234
310380
-756
198580
6592
635541
204550
744043
978509
1021999
275460
1078330
1234281
322029
176910
476807
477597
1354358
181059
463111
931151
975455
0
292967
1412148
845464
1370510
39562
0
1067415
-950
988053
939555
0
945046
652158
485641
667031
0
-378
1322050
1379725
937936
1443642
977391
-264
914312
54670
243153
779110
42323
1286898
561520
252518
462693
485282
1415024
617337
460498
1088671
446966
1041225
141067
189441
102186
1261015
1294283
313653
1384564
952976
252994
466279
408568
1207678
723906
375203
217648
629785
-386
542125
846559
344235
121243
-246
482187
106009
338986
-982
930254
1323651
1441048
1137300
0
64925
399465
953905
1276731
882690
-866
475436
873929
-63
1192055
989958
923767
81627
793227
1236061
952134
769738
536757
608674
1448826
1115761
0
0
815630
499155
201904
-717
20013
609620
-49
883436
622082
534620
1336451
1252901
1346905
1201740
1157325
141544
469400
650850
1280348
860365
1453578
-314
973763
96433
174926
0
683795
712857
930446
1285126
1170565
738092
374490
42281
1178880
1461290
-872
821534
1494530
275057
167275
560084
1073135
-959
0
772580
1229282
722292
73477
557274
127376
41504
323555
178403
1108536
1049084
125315
676054
774886
820393
0
544680
1180256
2656
1367392
0
1452151
976724
1495713
665496
186260
1337978
219173
1025393
1137436
1328069
0
1302244
0
1445475
699284
492588
1094214
159872
780972
1165638
1132978
289270
627693
1198727
1035754
991623
90587
1229039
1039490
660532
948577
35097
151786
1274690
651025
468279
939923
704426
223554
-319
394514
1214919
795038
763007
1163494
614831
253983
63848
1334664
766221
690177
847589
88396
421214
0
646359
1288614
-632
545537
192331
984953
996278
966192
1269813
528899
0
39137
96530
738802
1396245
1447826
1343575
363961
497251
416433
106012
332151
563658
104105
668960
396438
492973
975880
531807
1353451
1424356
357415
53487
1468218
992618
511930
1120673
1202825
422302
572606
587594
1302920
626610
945060
0
291136
1227312
662221
1417819
776329
673098
274672
376723
1263365
1220676
1378128
72231
261135
1045457
76698
247841
440018
1351223
1238921
1091892
991208
-618
1420390
958034
1089925
1208306
1236503
17932
54743
1356885
0
1316769
0
913484
1470500
1407019
1284677
43451
-903
197819
573616
708716
879022
1496847
420843
36866
1496837
974549
417213
865263
168734
52550
-445
565038
378513
184416
146977
18922
0
1357010
865457
464007
1240356
127062
573258
900139
66309
1325670
202562
1425191
834280
984230
501026
750753
773963
947326
165494
782512
-749
412982
426010
723449
0
795388
110948
0
614225
256602
87846
-874
1446146
214939
1182314
191532
606285
187983
350856
259846
1438518
1109676
774419
0
334849
-724
1320343
1469481
749376
-286
0
426456
1083580
785333
0
250040
1119446
155000
0
302009
106851
779892
-630
1492983
547755
250733
603579
332078
268431
56507
0
1251068
330156
7577
574106
1486148
574504
85329
1301835
422548
-79
459075
1294070
586349
-182
753093
603688
23041
933459
67604
1102712
1376987
325256
-278
710078
1322312
177281
233588
154074
1128196
132130
1435400
1494354
254533
321981
711875
1183766
1035311
713448
909449
2545
596657
785749
403402
1031998
1202700
1070902
558623
166642
242873
-715
761247
914244
1099533
1302474
470688
461023
587523
0
609254
1221185
1027985
466320
1121459
146221
1210209
102797
418143
320298
-552
593660
152643
1361318
1093829
122323
1300211
1299657
439057
283670
983725
119233
1096309
-294
962220
1115873
437311
127996
787634
1270037
705805
829205
800869
1428970
453592
1064865
635270
734638
652195
1042378
983321
249804
1388986
-84
1322744
130771
69218
0
86930
807258
1329725
1001605
511607
651779
1106534
0
1410632
1293706
926789
1406393
1082028
1435597
1098441
367153
373192
232593
893125
645964
1198891
1405908
204805
552972
388173
1240343
152923
0
0
0
74437
1383697
37694
80019
300061
1396569
502682
0
165558
1259812
611095
-608
313588
16868
610102
370709
249678
-215
880947
28801
-453
0
564254
1428896
615583
764171
0
250486
517610
548387
463917
1354077
1465640
110811
1011059
1459567
995018
1045190
964784
1003489
114890
500573
1376702
1494556
1342270
1045214
92867
607655
744070
505834
-566
702532
1290315
979736
958597
0
193444
714825
1054551
344274
1064393
95599
156450
1441884
798425
46779
272089
215200
1232569
110670
748812
1354725
124479
182388
413053
869509
16045
867035
264493
681821
589398
990220
1395823
839985
710336
351465
1480250
620889
521793
816381
1020540
585330
-496
1261596
525685
326049
455248
214256
1125860
1159922
900754
744764
585411
1343228
844853
-172
500147
348207
113335
-22
499812
452748
1339179
409124
1454460
734993
1478615
1025319
1202884
1342008
191389
1499669
297587
474261
413990
734212
60715
1341936
1308607
1185659
-760
1024235
0
0
-330
546127
558841
1487364
1416511
0
1116026
1116921
793604
467610
-199
1232813
1377279
0
688911
425912
636793
0
474344
1198935
123411
788340
645085
310451
186217
79527
215744
976427
1404979
1116264
943122
1039747
1093802
1282388
203831
1201114
1395497
407209
1172652
1308622
1473787
447495
-133
1082422
1193777
1430332
502824
-206
636180
0
918218
1298382
204194
1473855
1049341
933862
1405712
68835
1370948
-595
-394
-683
13949
567322
375013
1197271
726454
1387962
948930
344284
1429090
-461
242497
1440666
14840
891820
-677
1402194
1416194
110371
1424375
623329
1056326
169050
363939
262818
844172
931831
288538
0
904206
445293
0
-482
425472
1369783
757314
641946
1398790
491175
1134901
1193957
929805
359021
941865
1066660
879056
728249
1354330
1057467
236071
1094168
203004
739007
1459422
384489
712684
1071155
233621
524536
1409551
479201
1483034
856408
748498
879041
1432864
246814
152145
147261
578155
754616
1433921
1331368
1312259
278483
1472895
200606
1451545
1474960
892490
228323
656075
-816
264206
1464569
395701
1246651
1388080
722555
1366967
902652
159652
1078764
733892
298190
1433428
906488
1214510
1431984
1036889
1096955
1131041
-967
0
419221
581606
-158
962953
242313
511124
1242502
1088069
1142989
1327983
1421770
576663
1097065
1207531
932546
70642
490830
1166155
289377
861928
460116
1112812
-1
527799
715008
-50
633974
893927
1080243
174475
-246
548502
1416449
-394
1244677
1451694
134683
302018
208160
1238711
1309733
81558
387385
322375
1485554
801812
1440242
404004
774527
797407
589240
750795
1330321
1245202
283468
1214662
0
173492
172947
1445612
1095072
171688
1375148
454600
79744
920784
214020
466416
656212
1078730
908236
758368
1424050
206448
186201
237166
341786
664949
1117557
222198
87020
-131
648676
1376588
1108174
1096244
119984
519821
792902
243689
486255
1137982
967790
899884
-374
449937
795183
1254572
130466
-701
887530
35995
506261
1084125
700542
814453
520568
846091
1020743
1153309
274459
745557
1078623
1321376
1146874
499078
-414
0
1241931
0
155830
1403079
1133378
488438
1219016
465648
279943
229936
1432440
167406
1352349
846850
805340
93580
1434202
864211
809178
1467281
0
917961
1433526
465449
1218427
693702
1354359
359873
0
954195
1472827
1118616
27695
254163
573622
-506
1418849
677867
348912
1127567
1409233
594462
2570
0
451424
1014247
0
909005
197215
1427189
1483012
802647
981750
1143233
1079838
672213
1392710
947659
1015496
684601
1414946
37836
0
217672
378757
647934
715824
550611
220931
438286
1426533
514683
433808
412747
984198
624327
549017
886275
-971
257722
291271
650534
1186016
0
233884
911430
451897
-2
1415759
774193
974622
1081563
1430013
687713
1359828
547908
68363
1488303
502876
-51
905109
1198181
256212
1005693
1102569
1441409
1245919
1475752
1431388
103706
1073494
504096
1025693
1372812
25700
56234
606623
350894
1105925
55101
1019243
823097
1356518
176183
1222501
1497282
557008
590503
961681
-436
448980
926686
1035401
-998
123635
1092827
1413001
538255
220339
237667
1137911
530053
600080
1084287
-499
1037795
172393
1055780
1434014
1126824
146581
944792
-878
446757
161187
544806
1014708
444886
971040
566812
1025075
836003
1418726
0
302490
0
252902
-235
30687
26585
244275
595561
1180443
624240
499559
1068444
1378318
574240
749367
614962
1437349
72135
941765
479700
911895
490182
936522
254416
1020061
898533
563666
1037992
309457
485695
670706
762089
1000591
649559
99687
690261
606905
16440
1193167
112848
0
1267679
751178
258232
822986
444084
387742
180304
637440
853057
-186
1453919
1493918
110583
1363961
303108
123205
211284
316952
509847
1018325
142137
880542
333862
555354
121517
606160
832285
313763
1214113
738235
-201
943721
238249
625664
1410910
1397252
872228
7579
-18
283715
678824
908108
735179
0
114629
315480
144943
488322
308473
1367186
-777
1222821
-933
708454
-242
90942
-969
797151
714403
1158493
1123335
1150599
1095250
0
816576
830678
1386455
1140401
-676
224848
1263276
815609
674384
780158
-924
760209
1166818
1375267
509397
532630
1184947
-857
1032478
1212175
356970
1225222
659078
1053929
201894
879499
-246
1436849
1135572
1432595
1427538
661684
1284844
-45
857769
233217
1441771
440145
487039
1097507
370108
949132
1492067
903310
371358
484472
0
291100
242392
761183
1430700
371954
227522
115311
717854
280246
0
1327639
0
492630
809862
1312861
659106
634005
1247739
1025022
848714
578437
1484884
1250561
697485
306258
0
858565
826859
1437649
327092
0
435625
0
224183
955518
1280542
1373599
1495271
1116317
1244189
102853
832723
1306266
379643
-295
1368783
574082
354449
559556
756075
841074
-972
1212330
592120
899882
350517
343062
1030148
1139157
1384164
908986
127749
767280
1027634
864523
828488
905697
775425
1296585
926718
1111645
1320852
-894
0
1202068
1327048
284362
87171
891189
735668
-738
273498
1057840
1495835
845754
202455
-195
0
1183328
0
348958
407893
1003129
626740
1188136
837755
966396
159103
1057842
1495789
1406588
357145
844260
803637
0
1126233
894426
472562
721775
0
1145733
930255
726754
1257046
0
91213
706529
229937
91690
1419638
1174421
1163183
853616
1377939
-466
369083
138076
504992
323161
0
440962
1423291
0
1370347
1450269
241531
1263831
679004
755622
682298
1219451
1451909
1238990
521107
606734
366330
1241678
237782
257918
1078235
165148
1026009
855957
1405289
371144
1185385
1202315
191654
1205021
312446
422853
813677
-699
1170245
1488137
1370593
527939
-843
794500
-924
693933
994960
693680
847295
864539
600721
0
1017226
1121964
804484
833139
1398462
14254
348804
654349
601787
90423
211970
757310
1475678
206537
921531
918516
907962
449442
869756
1326473
835935
506210
33671
1117349
-738
536385
438336
431909
1490383
487046
667909
241446
305152
815413
36932
1233726
1402078
283542
278893
1189603
0
1192693
8576
1341386
654821
627658
418323
1466254
727142
488950
827830
1015889
1448194
1025988
1313582
1310283
246658
1346102
302406
235389
1241192
1477522
0
97475
1045645
429491
700860
1488423
1196908
1134131
78295
1002532
1394524
920453
606096
1213742
243201
1313299
86528
1021370
1045375
1084700
71459
380619
974774
1475677
572072
1355026
185332
503951
1232055
848299
1036892
92445
0
593496
0
72913
1055958
1348842
1279367
1006116
-456
107422
-351
526077
1293882
549385
917746
227356
329260
856
586889
1352083
1438266
439096
995644
142564
396727
56923
331230
1147294
92416
-35
1345878
1444172
572181
531777
10903
-154
1223819
660621
491119
1317316
757156
795451
525816
0
834228
540129
440502
830553
356535
1366421
1259832
1090421
1027577
1034299
102868
1308642
675452
1401269
692453
683292
994554
682074
303600
-588
1362549
1320257
1468102
1066448
958432
663763
1044295
1019985
0
386880
699109
411920
999274
482155
793279
174888
283770
1113365
1294818
438149
1059648
374663
186728
726758
68592
1082685
766690
1296441
390782
26477
820188
1069058
0
979820
971298
1013523
1120881
0
0
930255
650328
216995
950599
1068765
774356
185298
527838
0
656819
803939
1454042
686378
456519
854856
688560
62615
151157
1291895
638449
83906
-188
300692
0
0
1309023
1019194
593244
1250412
0
216998
1102939
615830
896675
482496
393735
864801
432983
453229
178630
-709
774131
531876
810087
681416
40492
81160
29896
225999
1224182
-180
1456487
574795
986926
118077
134174
523660
-27
566400
44651
-576
908703
-446
1311393
1249959
697345
969000
153347
173236
404258
1430354
206790
371888
679043
-321
-922
162022
354076
159600
1415507
940715
965155
709839
256025
-176
424643
444325
828961
545125
524880
1089730
880513
0
942700
1185833
311798
338722
958017
-712
75102
1181954
771974
469830
693944
847844
857099
1008025
117431
747044
1172861
222809
0
462078
56481
1430129
1177288
1157552
696206
1106625
71225
1363406
1407158
1039055
1298008
138961
832832
0
484362
1211532
258198
1130838
1391776
0
0
1047677
-511
869294
902219
915781
131099
299206
1285748
1148274
-245
1440390
424444
417536
1071320
177398
443977
1078572
1271700
40770
642367
980989
150217
46926
137449
175966
1358182
1477563
1436979
1007263
587400
246627
809734
814938
812541
708316
31940
1258828
59682
1282352
136399
0
443203
35480
245131
503154
313054
0
667048
48703
1048907
1366982
672992
1490861
482483
331179
827606
866680
103603
144707
313227
193500
1348032
1170895
60102
0
-459
694331
378090
889641
424348
16795
893920
829667
1461287
0
1316761
181006
253795
1271386
694101
632725
812564
405375
908370
65220
116696
590872
103909
547881
1317180
0
1421627
437165
87697
974588
945899
1293399
300202
229384
736214
1382623
1095320
977798
104760
0
679753
-71
1303387
433751
844167
120635
164421
1225030
-169
674311
270252
1428921
564436
287435
267032
204764
518866
-648
287950
568673
316274
0
172550
392609
406378
194998
179822
953686
66515
793967
1172490
176599
0
838951
-477
1156077
135738
385898
810437
496622
532766
652189
14845
230444
1368830
255831
863648
0
1213516
529878
1052502
76424
1116377
1396832
262523
36132
735926
434124
1410921
755542
81200
777034
1200597
1141868
1335583
1459352
1100491
1027695
1452656
885022
1172735
495142
585239
116225
482696
749982
546050
1414792
341426
745607
710200
207291
74513
666445
0
0
571015
796485
1009889
949842
326329
1013579
1149574
1320180
979872
1305561
1002349
-828
306975
1004699
-20
76112
267462
206187
1190692
291427
342655
33787
811948
276918
617293
459086
968214
327528
1141109
0
1351149
1411066
130583
344133
604497
1338233
682380
960885
284690
760494
588960
1203032
1092269
37208
105493
65160
1371662
783208
80723
297735
0
1375910
0
-275
977420
-668
506546
1348391
805787
662351
1325970
129683
899124
734147
193403
29486
669402
1204151
-196
1146508
1424590
296443
154786
803419
651602
1056624
1461819
-91
717360
478857
1394819
1397436
1298286
631157
660036
421984
355762
4168
1100664
806818
466584
665539
759019
1329889
1227432
1423610
930968
-818
1059644
538236
284620
-919
1124769
904788
1171332
1012643
1407336
859587
1256646
714972
778908
870079
417458
634524
-970
1033036
1346258
1491352
705440
799924
585498
437029
0
838536
1044051
817019
25527
1162056
1305868
735408
766831
113082
725581
516381
819353
600569
1281326
828184
607630
0
130167
581803
729277
1168510
1473537
1403365
123607
1224762
-638
678254
1391179
0
1145579
99649
913371
-819
9570
1334333
1098878
510755
0
1254453
378757
1147806
0
0
513418
992205
448100
1033270
1279415
-156
891412
919410
217493
55783
1441588
706372
1235563
76312
0
0
0
684114
-296
237311
-234
69056
260257
214985
125030
102175
543383
454
279591
158438
757006
441480
890692
300765
1164993
199580
-206
223840
651401
51024
445956
-611
1050998
205585
755575
508307
1378217
540459
1142689
1443369
551426
1155374
612866
83380
363838
337488
42636
668501
105410
1492632
20214
0
431066
1324162
1409849
498355
-380
1400461
827213
42053
8410
1025513
0
1206423
0
1065572
289541
0
1343167
721761
1211914
791943
1344032
81152
935354
510310
847949
1129718
286932
863107
1252568
782132
1114777
220077
653172
1279904
105629
673074
371935
-852
113042
1229441
1322399
830565
685174
1318657
273574
723889
1192739
754160
-426
964307
684897
479298
353798
761931
180314
1429385
740345
1175985
1144188
1311471
1264553
644782
344740
15308
1417625
853973
1367261
880231
1316582
902153
0
1407360
-143
349859
795177
797602
146724
177647
598558
1036294
817082
283912
894145
372399
1039718
1362266
-92
257725
1420640
1391763
1455561
1014845
983959
1449980
398602
1042172
43069
1260537
716236
620356
599810
399896
585115
823600
-197
1234039
182380
103300
414068
325375
-161
428978
152684
80151
41567
1360161
600435
1390485
1120838
1454747
622112
1146886
1165588
1183915
1022096
746738
918508
1214648
869051
655270
-26
1488583
138826
319672
94450
1366603
1140806
835849
-661
315971
1478979
578654
59025
390259
1436517
570188
524354
1330131
1125968
909581
1426594
350845
472034
909197
-484
493404
358931
157374
881825
609625
35146
1056699
1038778
787398
1159456
650513
918307
1212548
-346
1453846
776229
1032673
73919
315293
836663
0
397013
996436
926517
1210666
820798
-403
35755
205613
855665
467022
820595
933937
1246910
-193
423308
1141420
1030589
700069
963625
102307
1122986
258869
0
1047663
1239978
780993
863639
735256
1361978
817741
748408
338673
1021750
135351
1426515
539064
1098810
293355
583324
1401119
105485
1415257
1467661
235856
0
1193430
398993
84365
600962
1143079
220515
0
601471
1052521
0
805463
973572
460299
1321821
426804
1226667
198523
-214
251735
423362
472543
1438768
167531
411902
294294
414121
1458757
48161
666802
1371112
96726
-534
1098640
341827
446037
309008
816058
1363388
855996
642268
1474447
0
932822
774753
-718
1099481
194234
20888
1499537
321241
1210088
302924
569238
616371
1059204
489853
446983
1336002
788936
1100230
549607
274686
-394
837630
1394695
635159
0
1209551
480783
1298401
983902
427889
1443925
1324234
1087131
33610
983863
1217832
137337
-110
913626
0
166642
-395
867857
516324
854217
0
670373
243402
320804
0
638292
582382
0
1286584
1272275
1013885
946387
744431
363791
265397
21025
941639
523231
979201
428855
0
534542
982948
249123
-73
544134
961345
444530
-388
617045
1303598
495182
1164315
1129914
1031674
876548
1203480
100123
936353
1361591
169914
269374
1307447
769979
271553
1322650
1376797
417164
0
18149
1096398
-337
1328743
79530
725058
550420
1146376
48155
931677
425839
546436
746590
174944
807154
422559
895675
267675
0
1488414
812250
510055
255919
306778
1164817
1369010
642709
0
1004800
164727
59062
0
362677
515882
29641
555067
710
1248051
1095644
598483
238465
869918
657035
824684
1348802
482396
582346
1147610
-296
997468
1492978
945202
832500
125254
1469879
96335
1193950
1297796
751450
726627
1003012
1060709
324071
848609
-394
1074941
1268701
1063420
1192769
1099620
399323
-703
988487
735859
-807
1094972
1129235
-671
695252
799879
1071268
623953
26486
885200
359904
33086
205997
1401986
1089277
119916
187260
1170494
1180141
794443
0
895754
44729
1387862
276005
288565
632697
1030530
128531
1203757
955256
747501
1083142
82775
779537
69362
1254306
1305239
900794
559951
652082
105170
1054380
0
1052529
528934
1121739
872719
1467111
1482938
385510
142338
730732
171777
938553
247915
926804
322391
899410
289989
213202
52581
1368394
122924
465896
736688
571473
295842
642944
888576
1433387
769212
728125
1254462
477923
705329
907762
477239
211200
1450634
133171
225655
385043
1321692
993405
1040860
1368907
1281224
735776
1432932
1137163
357126
362766
1318109
1242737
1341799
679307
66876
0
320464
617031
-702
1024528
153402
908855
-698
953821
569880
30873
668794
753645
1445910
418631
540885
1066624
1332554
475420
197041
165873
612965
136779
511889
65247
438513
360263
478581
1435986
1333033
1171045
1022725
605134
-79
875324
99218
0
273713
1289427
979001
369661
313634
406346
480467
384119
1150190
130326
195042
396493
788332
103160
1481922
683375
545297
1493843
1299316
205655
1099580
900219
375489
757404
1255302
1091996
1089563
1495611
240977
198366
173137
566444
1059779
324125
0
1319197
0
909700
914236
897147
583466
595285
1481862
543797
572020
1276856
666639
881924
1134449
-589
375690
259173
962640
0
1087968
158700
1244022
0
1468914
1163362
412908
1459816
0
-235
600080
1490112
462576
-355
131453
-243
680092
1029474
1344519
262869
33027
780966
1417308
-828
0
1139915
835378
245803
0
133729
452424
883884
0
1365681
1449450
984463
927673
-215
0
262242
1402523
81595
661241
292504
868356
965281
738756
-774
1261338
842581
1230914
1344467
22806
-53
781659
0
379330
880964
328152
75534
1316172
556771
679817
1374475
1131410
625836
1315684
251222
80196
348913
39921
313303
406783
354452
1235830
1473095
-553
161946
733945
1023341
171083
198920
1007490
726307
864004
1091790
8710
1483226
0
247701
55169
1463780
1391664
512646
1333814
885187
98880
261240
128969
1365313
142968
397644
1101992
926318
233619
1355496
676187
1086870
133559
42270
305069
831559
321460
-969
226983
1157587
1167226
621397
462268
859567
1344378
1047228
1495990
137307
391993
721948
1412437
145614
1251887
734252
96082
276793
1318445
32924
1153642
555895
330416
641652
1346865
375577
327941
75438
1316196
1217569
1476872
1033335
58517
1259122
708718
581088
395088
0
1360023
643444
882183
-426
11225
1046632
396556
648860
113764
338740
721055
805971
1180133
1403728
1130308
1019492
904385
757605
49892
643070
155611
1027441
-485
212892
1309098
1416961
165308
595689
1474034
433316
173380
1295266
1306320
163940
991759
692333
952848
983420
1297564
1299707
642597
89941
346044
-144
439964
1159224
216812
852600
1173799
851854
932459
0
410105
469412
140527
840519
989201
1054838
1414901
1385191
576940
225725
1450286
1187783
675466
308346
119301
-424
442078
839788
-437
515332
1465937
974935
545617
620745
990224
505574
1116969
1168447
1193870
591333
587115
1167872
373419
-317
1250579
1217652
653517
289628
939634
324560
226170
389989
1013894
457518
111107
1102109
569393
623309
668146
-48
948324
728141
771089
137518
314823
1439678
1380177
452900
536773
1358312
801099
0
97594
1005302
1057981
-448
1377715
686875
1491474
1497292
1439143
0
1021548
-234
1476736
500552
396576
1437129
1111916
609596
906586
1279287
118429
555363
1248205
334659
1460055
902879
280674
1102639
1116749
168092
590080
657272
86652
57215
1464059
991509
121436
460476
1295747
821260
145934
388799
232763
-377
664275
-949
-338
437712
459063
732792
1245530
73372
891889
321591
1397954
1233800
75234
511006
1299430
1405170
998883
1063245
932418
1375549
799000
861421
94067
465284
186838
870150
330438
859654
246869
457473
613176
678927
218774
0
756401
566610
1105804
481050
1164811
184924
1138151
1321166
729809
280197
1135927
34843
438493
-38
1400799
391433
216538
238157
1197103
524987
1432749
282465
193822
373601
444105
161480
764631
174068
745060
930006
479510
739166
867614
1030087
52348
1297359
14993
109297
566101
968840
547420
853526
454876
406460
899463
105682
1461867
654903
1030726
-876
286858
35337
808274
1369587
297788
787198
108481
1270663
-572
0
472659
0
81055
581596
992488
1145940
1007132
1140358
738165
750547
0
841607
679898
656167
527733
1279501
-939
584420
1428663
984865
1068880
1344218
-38
155163
328016
1390475
665014
1475894
1382331
484093
1043048
0
1482142
447722
854124
-434
484216
-146
682740
204727
186907
1376086
883967
823023
824784
708496
561304
533994
161072
677210
798380
924626
29765
1091469
-208
1069173
826651
5434
1018743
813483
1109403
357361
473925
1249758
742856
64012
1341912
0
383922
878980
500032
704472
244895
648666
416047
0
1019624
282404
1288736
1177667
1201015
865991
821673
914299
915134
1410269
1325791
373859
758150
445656
95458
82674
1294555
46279
1297143
649033
1144351
1029991
526884
1055628
1184346
1211652
1469202
1173153
1030330
1343002
614783
982133
334164
169200
1113438
964203
99903
1291457
1449651
864238
568660
1139037
825815
928005
1201655
-658
290155
0
991863
1123440
1032192
923751
0
304369
185872
947608
344832
939745
0
308595
1017206
1410727
364329
-309
693462
1432250
-514
165283
128487
674083
-373
224101
847431
-282
469848
0
505794
729551
829073
1404970
541292
554242
1106019
-27
287377
-544
1486475
171107
-190
192230
1369632
1340466
318201
1440237
1013665
702884
244979
1218251
387780
207768
1488044
212677
1175886
0
370499
186166
1200787
858026
390358
610260
1001017
-372
803062
1123893
1459297
1173481
103475
882015
1384678
1380014
401592
1027052
1265840
251700
839028
909644
-612
84454
128069
815876
-429
840929
1107897
352514
1067503
281875
0
779692
834649
0
981708
473514
372224
1486033
502397
-162
0
330110
112798
729765
0
523473
67069
1119612
219591
142875
1309754
140553
814821
404909
532129
1055351
849427
0
1482926
1263849
1291245
851648
1441357
65969
860144
1184051
1262320
713381
852253
488918
0
0
1457862
839995
574831
524268
6935
1117359
720772
556148
402942
954131
879516
1372277
665559
212092
781389
108449
868725
1245854
460870
619205
321982
411950
1262815
1457038
472524
153724
700926
1136859
616409
194949
1041092
182221
612649
33691
1085805
1183989
1388561
1278558
649607
1334048
959106
372546
-638
1443834
384227
68847
1470411
927046
768354
839442
750380
436991
785775
515971
1284028
8898
1088016
605678
180319
284602
383992
46408
745830
1152372
713758
372471
1375227
823836
0
0
1293196
0
492543
426066
860695
670857
233242
3318
1236184
563210
828085
761876
869217
19097
619380
499418
1730
1356364
-80
1421840
1178332
839821
0
946561
0
780626
-258
187420
959489
1260965
190544
746981
450020
308779
576165
7672
621036
623206
635639
1115538
78351
472545
883058
0
533096
703772
859926
168169
804496
91241
1195230
200049
319293
920147
444603
1440845
215698
521912
209374
690883
791546
228703
299240
790486
970398
238872
1071426
1222749
878396
402282
1218778
1205803
1276453
812457
122694
468282
126243
457577
1145002
840642
984326
24310
1153128
1331487
677491
545732
154723
1267705
1178632
15440
491325
128927
61557
-925
1479401
29962
-721
143034
398238
1447021
1476737
-58
514802
1194415
-261
593398
479043
10932
447060
-355
341559
1459828
1279470
410541
0
907269
1481061
391748
570466
472928
602755
853615
847460
0
1284549
-329
396655
415340
416613
1163641
1486114
-258
1190518
348122
718561
1368547
548882
0
251315
230566
1191013
1106613
117476
1408633
-813
512456
791098
386299
-979
68999
237512
1016219
1312161
820268
1400660
652197
335651
46210
1490368
233724
179878
512830
531339
866991
175718
1320320
-2
619491
-296
379850
496863
1431892
-469
700421
235643
69204
978938
747397
819914
1170666
899056
1275323
249371
337782
0
38647
1215776
289901
988372
658007
290719
395723
432527
1390632
993652
557922
1080055
684105
1060330
352408
1066950
475136
679963
14368
436657
1079942
950471
514721
1271454
1037138
113263
35531
0
1382635
0
1217023
675555
398854
236744
1020531
365610
1231257
34386
537356
234059
852250
1161078
663101
-893
0
914199
633591
1464736
1189082
88457
0
235502
158505
904426
1163100
-435
92317
324801
943923
0
1311043
1150316
258007
531437
192115
611779
548518
714667
-419
539220
0
365849
472930
731098
-669
1192169
890064
91049
1074251
330706
573627
-409
100495
896503
537468
334564
1170651
-19
-141
417822
542570
0
459695
617631
151855
766337
510775
1014694
594596
1014001
105221
-645
41680
224622
1369462
1430408
1071807
1467006
732954
143070
-749
568360
1360413
336883
752245
0
753949
56736
-104
1112901
1091056
697107
0
1020647
1317562
1317303
502039
999936
831424
465465
787650
171768
603162
1185372
0
506616
160714
806659
-918
627508
259686
1043367
309287
545651
1116536
482396
831888
754208
-490
665458
1237393
-220
1269411
384223
686980
1364678
1351973
1488304
0
429075
1466841
-568
741850
420018
1059559
872410
1256947
97229
196002
-643
606266
746431
1329096
545157
1169217
513893
718758
1322737
593566
202883
1108037
694929
406700
345922
1208504
563300
272266
395758
741853
938653
1324183
1406740
189285
1185956
1098821
273684
1365041
1007625
55476
293486
490546
581264
1133921
312276
371312
1134594
241025
641539
0
56195
737639
1149864
1267358
373603
1084005
1337035
14284
908447
409581
350142
1373248
25493
523340
1158377
918806
176791
1428676
856109
189250
1388657
1334352
264249
1110607
413528
1421332
161730
-17
1198351
0
866701
790330
616625
1211715
293927
874249
-739
1089072
-819
918649
1290549
124398
506115
-205
554407
20178
890687
-521
146337
956668
174761
1258595
-67
1423731
1437652
0
990470
122479
1267191
1464799
23423
506050
34821
1124822
937390
421769
-15
1378269
1368308
1201114
1438606
991969
1144178
907529
245856
408344
170932
593238
341930
-220
314623
1031693
476192
361082
1192161
1339455
242888
566665
1269432
846798
905707
851338
1456665
1440523
441587
34386
507599
1019440
82177
1371640
1013490
873513
983996
590026
405730
542784
912280
307386
1132676
892962
636236
458388
1127511
705990
301224
-527
675586
305425
900526
415156
394593
494399
1145003
247275
672236
242078
95103
264216
1040092
108649
889495
262507
1172711
569156
1094705
618795
1077394
0
323261
724449
722883
716853
628163
1462468
1122884
-112
-181
445683
800871
1247619
527478
1038795
1280668
1179448
892325
983903
641604
678837
1168537
-978
630508
1257247
569967
974088
591234
755421
142604
814901
463090
881714
590989
1135504
689917
826511
80137
572196
152754
714440
205146
601119
1496698
465502
460144
557014
662572
828384
-260
1474387
68543
733116
674175
520897
927950
757324
692736
1274398
8003
795122
-556
560848
0
858402
18770
645558
0
278063
0
734082
1269342
462994
1231445
1440256
585617
-762
576125
263480
511474
27855
1083808
386411
1362220
647748
1269949
759727
1410502
1017686
957068
0
277023
448403
1323244
1482036
1076144
0
0
634941
1484540
1083957
772436
176871
993920
1352945
1380332
1225101
1186434
499363
244443
804521
66941
1422894
533819
1202406
1246095
931762
199388
1157567
525879
760028
1444798
-153
1408435
10042
401834
596228
1228019
1440664
73251
212136
1019591
1082979
469239
1069029
-410
954899
206430
138873
0
931700
1165567
683371
87904
123287
75628
925709
1007844
875487
1185419
199187
964852
397223
17886
1023669
245389
1024614
1225598
27907
1353509
835540
0
-123
592733
1087207
1239847
146691
895305
-712
1006286
813496
886245
273728
1035022
728509
677317
107953
0
1151305
346530
792151
700353
922949
455915
1002184
61993
957502
1284787
1078890
-134
200266
198668
676308
0
724370
1423609
511154
1337572
1059090
778143
934837
0
0
737784
535756
1255463
390228
1462667
797527
359881
657913
583924
980436
694328
810254
620570
1000822
1479243
-447
693740
1001190
113110
1273162
571531
789772
190042
275823
527422
940034
1053150
912766
350345
230727
609
-797
1283225
96154
722820
0
-345
283312
136500
1168912
934040
346430
261360
35658
1296051
1137399
1102095
662022
1241913
-24
176669
1188877
779890
632584
963410
204884
387885
-155
898977
712345
472550
1090775
1144253
0
1406932
649854
604217
827233
0
499297
632909
967581
1403213
746858
410709
1311180
0
1345421
573471
647710
-909
892388
952598
1012609
631269
247265
1250989
348731
926086
296326
358701
190575
762655
326911
-407
1321596
1391624
264207
1283301
277729
1256064
109964
-589
347433
1013576
1476517
57852
720418
1230899
643309
1428453
313562
350691
126076
1481579
-265
283904
108347
1037071
-151
352438
16340
233957
697045
1167661
1372213
777499
347004
-832
900076
1011234
1342414
671187
1005569
1297684
978560
631842
560566
988356
1382199
1043687
1051746
817406
1283459
412516
405850
1205270
1321771
127263
1482068
243170
760673
1138031
810848
694023
1383858
1161932
-761
1120559
296746
826296
1092941
953265
43580
823914
301765
964633
0
-949
-548
1200039
887836
0
0
1331822
633693
-996
1226072
495603
0
390217
433035
1348717
798744
216533
0
739825
646151
1217913
399300
77670
652035
790563
0
759030
744019
9825
461185
1024220
105963
0
227119
1010125
1276669
1099658
58194
1084601
1278096
96028
439180
0
1068273
611298
-278
1371425
1187879
104313
288650
1007934
0
346793
1349550
1121460
465490
124717
1437039
58781
863956
327111
236713
-24
493627
1451019
242029
65783
182008
256796
1226400
545521
-25
633766
1157052
274198
229404
39665
1446613
520971
848506
1311387
93350
1106761
363899
250222
1282814
716721
939919
861859
122256
1104146
418865
514298
472493
1247850
1417735
930523
826808
296263
559102
1342613
181807
0
1437738
381182
678206
1212521
445503
729835
721041
1488310
739997
333449
484517
341837
1254674
455661
0
306522
581254
642069
1112347
833053
565417
1287464
617410
572014
295080
484738
437744
1403721
884069
950067
1317267
121091
1037503
1174027
1058909
553165
48542
0
1079842
55701
0
987540
547710
1174959
372203
1394487
1198886
1222301
247534
1233119
452538
693365
1400148
367366
1125787
1458797
1260319
575514
963991
1076590
961146
752704
1366889
171951
1234138
667628
17427
903966
700762
133737
533000
246267
1266915
1204311
1034319
1209886
756360
678278
-781
761361
752295
716233
540934
370811
1165227
0
343540
1341002
1334590
825156
436739
1093264
78223
1330955
233680
646958
1350449
374050
0
1210007
964787
365055
335014
1149254
191017
1169865
208429
397783
1406942
486489
617161
893212
333607
1119997
999290
1020911
506072
1174405
988155
510143
380475
377189
992672
667798
1485536
142810
80619
146041
963126
-354
188851
443787
345928
366094
0
154798
599594
1081875
1190802
688290
835618
1278427
274847
831034
1108208
515647
209860
240056
1277849
525707
437930
1448555
1158243
711538
433443
747819
492345
1379957
1049399
1036497
850661
1155583
988771
608137
-684
765479
-379
311934
226527
930556
771438
0
374120
231333
649832
0
284321
1151890
942103
201097
0
795618
760679
362415
601443
761574
112098
0
594074
1250830
784204
263250
1333401
459708
686487
601843
355707
404147
161017
24755
172286
1280591
1077203
527374
866567
1098608
660834
190352
718857
225405
1450491
103908
1209572
1214758
1194799
344869
577304
1413728
356352
1261209
608785
271957
1114220
753450
479423
516044
350302
1275451
923666
682298
629488
29347
451498
559463
151013
342311
541754
1325922
1137070
687205
1068324
999115
1091924
660033
1150853
134906
548845
1084432
369390
876348
525904
129725
482773
981403
918774
743344
410969
1482202
1163215
1113414
967120
1069436
65017
57158
556903
229591
965786
279727
1012599
836895
1029717
388075
297707
132219
104180
393704
912806
712354
1180738
702272
1019821
89125
810230
181862
632485
611641
156602
987855
341505
653895
190141
347968
624097
526659
903531
349759
871362
1216199
821248
37040
33803
1260419
1072846
678504
1037065
561842
1494592
521712
1420230
19840
258160
53955
1284538
894894
233724
0
502146
615535
248550
1484594
0
861310
1030829
1259972
381732
919756
58633
496009
542498
118186
1372029
144787
1404040
0
1238705
248465
582131
460885
789235
277366
1245283
1457276
28304
1221476
1333681
24010
1457135
296134
0
231058
1118866
615922
-208
91902
789297
1042733
1336984
-619
1473427
103882
894572
-323
1204906
1231500
826079
676467
1049935
590954
153641
911746
113005
0
633394
54900
1348766
537350
539699
95602
617475
598532
1311057
1024462
460925
1334874
-279
872071
941931
1418365
31027
923648
630251
-673
988957
1040303
368202
481032
674651
-784
780542
651849
1049404
452256
920457
382133
461653
325644
88340
1180011
1097224
351421
0
203864
-603
261857
446201
972292
162245
220222
513729
1489005
57245
732309
630282
1148827
800713
558144
191488
970172
486109
520171
731683
492573
0
423835
1370782
110865
0
261926
15599
1093249
649792
1391414
1074875
422454
812459
419045
411344
-971
219142
1115839
170365
0
328432
749909
138971
931568
-818
832257
788647
1308657
1101869
1477289
521806
1174630
1226402
1050104
1441157
1163254
1208148
0
434831
1485306
300776
499550
1033789
603442
1070352
1022591
594772
1162910
1336725
504720
43908
0
369151
1228917
1280157
4986
1034992
594416
1299263
459115
499658
1153554
300663
228536
1419810
647250
1324310
820212
545127
502145
744178
414888
753838
3412
474869
700349
402578
640399
264682
1343035
948157
1401652
1000270
511253
1034241
-337
687496
1221914
290443
1437545
984493
584071
-770
821520
281836
-804
311552
649280
593068
1283200
931135
683997
765596
1373116
797542
1245420
211018
1115946
245720
740331
124187
1472401
137624
1021039
940126
919031
349582
867034
1008845
679640
1092238
701370
0
65759
1395431
652395
261974
1279011
42144
789756
534255
1194392
1333906
1225833
614208
565958
1337267
1497223
336366
283709
725093
515394
129025
1238075
452683
238901
-673
802371
851277
1004413
1115636
513485
911888
950674
276749
1479004
1416127
238808
1454887
523462
-512
570766
564599
456483
260429
693442
770398
-808
744372
349795
782428
-227
317627
0
1121687
1405201
321459
1062336
48949
1351577
1152477
367668
1206722
1101676
1334264
809703
652633
1057319
33069
0
1041847
1136636
923327
981414
1021376
717551
1048110
0
81576
173236
516257
420439
975006
1112410
1337550
1010082
1308072
1276739
0
590270
293681
1282475
0
873274
1366702
998514
312380
-940
0
1208583
0
959263
362626
-259
1195472
1287015
1080003
813700
31386
414171
427954
1325977
1346265
1067859
987876
1270596
684339
247944
81016
804066
0
1275116
270796
1254018
159078
246885
1456076
95267
1178875
817248
1327811
29118
562728
189388
980942
726094
0
1232916
590804
95331
215507
333173
203884
1127604
1356292
-269
1297760
439393
980484
860909
74207
900516
848267
1063434
104197
242319
370004
879372
953354
1363054
157742
1459529
572200
1103157
1321273
1200406
544197
1173679
1490558
701656
1223873
463295
1407433
455101
1297240
523047
1296534
0
579570
1110291
13786
169919
748478
-304
1130028
1071545
507115
0
-594
1111320
-334
44550
1033893
1434793
0
0
375620
415768
221641
942916
-349
1431314
382212
257418
1177970
34867
1376259
280110
774884
1263442
1038172
1364724
855704
835227
737633
848255
724814
268690
883611
1367186
1292360
381489
318044
1381678
740716
176544
1275853
1425613
258227
867682
227831
1098819
848356
364271
1476859
1426109
456535
1322269
406277
1147615
780103
321519
950423
1456825
631893
1163896
84657
504422
1419538
964980
976325
1198896
1316355
570922
1159486
1435767
911066
690063
996988
-330
390287
457086
438425
198198
965247
816386
-752
1141151
217164
910288
571483
733454
782965
380552
1076032
-636
1152997
633420
644757
1199161
1085400
397573
-495
1196302
-989
1313742
776395
0
1201872
862265
1394138
883575
361859
155391
442002
333429
674171
1443186
891300
1464769
1028390
707515
591435
727073
-336
0
652411
302263
260433
320255
1351251
1147954
43009
302782
202672
327797
1472346
1460325
0
1204814
341170
785657
1494231
0
769355
499247
833948
334973
665192
586632
595479
900840
993707
583153
1177960
319961
1099437
1119641
682741
1155115
604626
1199555
642416
134468
429394
802428
564128
1200780
1322091
853429
1390039
235601
1437645
1381529
489126
370106
858617
378877
948669
1010889
336071
986102
482400
200697
960798
401584
-952
566370
438155
1418861
-162
1224184
815349
1354373
429201
0
713982
1234282
1414281
58764
431451
797474
997908
1251731
1152691
887347
833097
536210
1276972
501894
866410
395581
1072254
745087
987791
1060717
994602
555279
1396168
655662
13701
385563
1369145
331153
995393
205391
1262449
-899
190660
512877
54528
164731
1443383
427182
887616
398820
1033285
25232
1474547
212972
1207327
166057
1103504
279260
877392
266114
1412621
-934
1302882
975523
1291870
847827
1126286
1218811
812167
725177
940650
1207029
523389
1088651
1060037
-569
1454604
606448
760318
1299948
987779
490405
165646
641258
1388926
853123
804591
701402
1176042
1029394
148397
52337
-605
-794
17787
995954
373676
1380816
773885
314439
390764
1383762
1361158
971918
250757
884101
46846
596544
1392941
983396
1236021
0
697443
486927
381462
807261
999050
0
326183
1250459
606189
1463180
823548
287457
1361894
1272132
575156
1097500
-871
219081
308172
1307064
-243
680292
540958
-267
1103772
212294
574026
222286
1224450
1229797
1297458
301777
-386
551742
1032969
1390642
1367488
306532
451942
1239158
560798
197404
1181180
0
244599
831220
623482
270992
1168010
820435
651562
420290
884948
-901
1261665
1219208
1316202
259638
701151
1111803
571749
700857
632578
987679
1144348
669152
171645
1344522
-360
585300
790872
976541
2551
335352
1121409
905596
0
716202
849180
664902
1179334
379207
0
0
613716
544466
1239547
543488
116659
326375
196929
1155167
233725
662565
1434038
818444
1365374
553269
1167096
413635
377154
791888
1320315
306685
1268256
154465
411211
1053727
842096
257780
179621
1404752
1019055
773540
1273782
1162963
150360
1090506
1265611
0
1370858
524
1382571
0
828597
282568
437254
41410
941785
-735
1391784
0
-271
443787
93244
654216
1059789
735408
269632
335980
298850
434337
1233875
1002091
1472151
239254
40108
432416
921428
1380269
-621
658886
1490190
346391
884769
454949
1185938
450097
1497483
894028
374926
76879
1370829
-315
306980
445155
1377269
0
1478429
476566
852408
50478
444915
1038767
1204236
368007
1475767
1317663
-512
-509
851068
1457827
-95
546504
1477664
1024426
1233797
836615
971799
814810
477566
1045782
767942
747
294678
430527
199691
1091161
497312
61404
1041771
403992
267973
648324
684648
281953
93819
476942
874740
167114
1417841
650227
1476236
-312
369548
-153
169826
299701
1068837
1457776
1278045
-351
1112059
1149419
66152
538916
524412
1138390
824542
1040187
-718
732702
1323848
479084
554896
637806
187996
1128178
214187
1409496
50562
432238
224903
-35
1033409
1388493
188965
1298669
323373
761350
920009
1132778
372407
775230
1246304
923367
1299145
519349
107370
720952
1207678
1450673
476994
858618
902656
978248
1066585
24941
161244
671385
257225
1075814
837473
1314870
574679
1305820
197593
326850
463704
916806
1230039
1009652
1273054
1278824
-909
982165
302639
90506
1472019
792814
0
1437613
62895
894481
1174496
0
777638
434500
1217797
182196
1231011
0
231875
1402991
1111271
394864
254350
1121425
1278792
1489299
1301055
1237556
347716
892982
1130214
7984
1226089
697386
496456
1204976
365784
361940
1260527
1345460
249266
-162
1380787
1404967
804312
1166708
1292399
-34
1292871
698908
1009657
1258816
754734
631533
487544
736324
-506
1297856
545901
509620
1399402
147816
864337
866905
0
835086
0
-275
1259509
174142
1069761
1118076
-56
-735
704488
383794
296343
220266
104521
66518
696583
1108820
283875
985313
1255460
1006052
1133103
940639
819385
1154697
461676
1093384
914622
643128
268762
308042
915182
964517
764032
1468762
882882
73538
0
1186915
1019269
205679
996217
45914
400536
774472
805390
638001
0
655479
0
1011574
-342
834117
603580
914734
1351860
212078
526840
125033
43615
474172
0
522881
37973
56155
0
42389
1354459
627976
193621
1431346
444878
1340268
207446
1126508
928028
931162
0
715787
1255073
396063
1165044
-188
1369689
-404
557975
1248311
1377956
1413632
256079
194008
1183936
1060251
0
1278262
-231
371918
1162011
48487
893914
1057995
529985
910602
974591
1235451
1374789
606422
185705
0
281454
1018201
382994
918771
1174906
1385660
1258704
655093
672635
85413
1482196
49407
304950
22545
1253917
968100
246562
1407975
244760
703081
1049545
0
935390
574033
633566
302763
610829
365554
168550
31295
501970
1205621
74723
207459
1426974
840819
644488
1469821
1245760
1319172
162599
1162991
1069945
1074344
202387
158692
1036822
549450
20139
327382
-850
1107999
857770
882049
257028
419074
45654
52083
1214117
841237
1192170
34772
926381
1352666
490499
421253
1028645
17494
1285448
1424012
1334915
42491
704369
1086649
605879
42539
506665
2136
897763
1332624
249282
107267
0
119196
0
0
983905
1254744
245714
334576
464911
648030
1335564
1478085
324206
950010
840467
479469
0
433306
1350674
684310
1186008
507978
475913
140700
375838
608788
1356451
385542
317296
1435549
1389421
1383742
967797
460451
310632
970250
1171051
479087
0
510363
0
1099576
386586
733197
358382
93385
1412818
-191
972895
70356
1038430
236000
648688
1307590
-638
1385055
374942
1331367
1030884
881739
1357695
106199
70740
0
114138
389181
1101420
136723
285617
-802
1146622
-302
0
325413
874108
994822
522617
1119830
308949
210927
1278657
995317
1400101
1115597
757037
788575
239516
1456662
174191
98743
168443
1412163
758561
0
1196994
1162035
617974
1401339
529941
1117448
886767
497286
1464841
44224
-534
1112344
336731
1418559
1440729
947401
1368909
122384
768819
1321497
1328071
1386879
601701
1120120
960957
1316182
398185
162362
1026201
63846
510303
927830
1085707
195799
1279672
1163807
899930
898472
1184893
474163
620309
3437
19693
937432
1241883
1458124
1217691
1102312
870964
392694
1111938
1077969
750100
1109371
1083018
123492
-530
1408253
74436
0
66685
554412
883029
488289
1161428
-385
119196
1358097
747184
997290
366484
947720
537258
718662
621212
507252
1359892
1107073
158200
0
689368
1243144
1271061
-476
602731
927907
1221096
497019
701272
1230831
1118594
61779
1416528
842989
1305610
812819
143256
1078135
207004
311139
-452
879242
1080670
1208348
549110
731755
-781
-439
1128842
1081154
1407128
611785
1173660
1082362
894556
1350571
528645
276669
393190
1313031
1070687
404872
1288506
1490579
742003
436691
510373
253079
428885
835974
1295642
1240229
936601
707642
642756
647594
0
0
408926
599275
61916
1157570
168314
-818
156597
919814
34889
482426
459523
741987
471712
245895
51840
1431865
463750
306568
597555
1341357
717459
897769
228015
344516
88437
330274
641673
85322
436560
1292456
399131
674851
1076216
1207419
649801
666335
0
1354099
356287
1053209
801524
479577
-367
505266
77175
544753
1434631
727332
491997
-8
807469
1149064
265874
265070
1400579
135423
523591
469571
1283159
242235
653035
595910
1177279
1327684
946538
53804
1269404
159286
132956
132939
70475
1043166
1209443
1148650
824317
498598
125513
547303
495544
738266
-38
1021438
637693
769253
1064553
1426848
614808
365075
19086
593659
205766
534095
1201075
414138
907916
997611
845866
1036257
219008
0
341673
357398
861925
1285289
1367229
335576
-175
311570
130143
1383894
609095
360611
1382560
1133120
1247942
1010244
1379110
163924
1033377
1031949
1420868
-467
31015
13979
0
277477
1252328
1403028
212384
10787
471476
355259
776445
764669
1307687
339557
-200
-476
346632
94152
-545
435339
1317587
1141944
1382490
646371
834214
1384459
734403
1138697
340788
1406640
1418095
911434
215552
282304
109266
520652
685199
323457
1271806
621168
1054095
41294
938613
145425
1190209
1213588
372214
661996
985134
860356
899384
1202054
1332448
669571
564898
1142881
896098
1309050
1345
1292195
921298
244613
1353304
660061
1037982
1107710
1096999
322954
639923
1495666
776791
0
103743
31065
625673
0
360074
642049
53833
1275108
748003
33284
888565
555421
747141
0
162124
790138
1043731
98046
1344656
201699
493764
1291402
1002766
1164724
182574
0
1132219
1407001
243727
845010
1469568
1497935
1306180
1115771
-219
494619
555425
948309
182433
1258297
1236280
542981
957832
884116
1188403
-203
1007629
0
-423
412817
1092084
456416
885701
335806
1204896
1074240
1140960
1405459
761203
308638
0
71678
1324927
802709
990726
1160076
-274
50750
0
733227
1437209
-480
324573
511499
383301
390001
903769
0
1063267
1080414
356487
700071
17131
717017
-663
1069849
1088128
741142
807186
1434457
381173
733630
1087563
740270
1383816
883351
885751
1271427
327991
1371160
722061
830934
813627
1054826
-315
1372126
914103
222052
0
0
482024
120919
17920
1344877
576476
1436015
388967
0
539510
787074
601816
451395
1016870
393800
155576
1396138
529265
1023371
129862
1311649
949043
1386393
1454378
1119306
1395622
540222
367603
1248752
891663
230964
142636
757193
1204022
43841
-36
905824
0
1081996
1336688
595303
2437
794766
1183876
465775
420850
1162234
935680
1390192
-854
677982
1054488
123373
488480
492059
1041890
334364
1017223
430037
-302
128345
874886
883872
70052
834187
1368604
4404
1377729
792601
770381
178699
1359859
857371
673573
465421
215934
1179100
1263638
864591
703883
1148450
980895
1242819
1161438
17614
406281
636347
1116704
1213802
755916
280778
1455307
320893
922426
646720
365289
1077417
446436
938479
1183639
1364597
1353621
363648
937271
1028693
378445
1086505
861361
358043
792171
941580
1236849
1363885
388171
358843
-266
289349
929323
921197
1171966
667776
761762
1488413
-274
1063886
311515
245038
712194
951229
274232
540343
764036
117984
0
111393
255684
0
808050
625859
1038286
0
785042
322212
910911
923205
1329887
1256195
780210
1474532
1012921
183159
1215458
366673
1344464
442525
396165
961933
40122
331527
11971
1199589
715102
1074446
-473
-890
859930
233708
-783
711091
0
993557
523205
337420
408176
616139
396688
143879
415273
864565
1225060
1248142
1122707
204727
288843
395715
870345
525076
315243
886614
1065622
1357761
1303121
1113595
1006551
639330
1462585
1024118
811980
583593
180626
1237035
1118658
992565
322694
291717
7049
0
1255392
748939
1268747
1024059
1474096
-731
870224
618023
278861
501589
266023
1011024
363671
701910
940429
1228134
1029473
368216
1128837
406009
343822
744356
365409
871675
-368
1150944
1406970
-180
151966
89217
869875
-39
853331
674244
785767
1200252
106502
923345
1393677
0
1448820
149912
1469392
873942
433063
656464
1293457
877949
617943
315202
497498
223370
1450489
1421901
1266614
996412
813993
614309
1499002
488115
55112
1070366
301668
1079242
1488334
435683
562867
1221223
562476
1122909
897473
937713
328048
366666
497881
451929
433335
119097
1301815
961490
305295
517532
405382
917711
803361
0
466739
0
1028010
488296
992572
1200798
854518
869279
542404
248503
491125
803520
955297
1146956
399089
887590
27873
1420922
729973
0
983024
322146
83460
1046664
1334959
596559
1068523
476075
1075960
363958
1217144
603206
-643
-520
1469363
1376963
891126
207298
23240
1456972
369944
1310116
1068376
212516
1160965
45926
720756
289706
533050
1035499
382775
322701
528110
745236
1400270
1024328
306717
2682
1253173
1035252
1282530
1241658
660986
76991
1476971
63840
125826
390901
997337
0
130388
1218574
364192
472556
881444
238815
457014
1005454
1119907
520631
203897
608139
1059
1106833
207989
941454
1402621
332286
994019
658838
244117
1221420
49459
1026758
283732
206703
1122756
171497
697301
1163784
145624
316338
868131
664052
1272796
1355071
719876
385528
0
1440462
760287
652923
806891
18404
1065129
355687
-19
728948
1050703
1183365
372910
201572
0
675475
1148001
768707
1445877
1084858
343184
1429258
650714
771143
533814
727353
332192
1151350
541126
100597
262225
395214
772692
141996
229884
153607
0
1476228
0
682584
224475
921658
454918
1242284
741805
1099836
366213
219729
533863
1490135
1117207
159030
266975
651979
809733
1291748
577159
442299
-520
1379957
276175
1008215
1013588
99876
1439749
1467079
5029
23662
339329
951841
1351742
339581
404857
511098
256029
360169
186895
1126204
513694
357349
1491173
1126848
547055
434104
1402403
724803
0
271355
98171
-527
775327
161256
370390
196391
-678
154727
95925
237148
146319
1134577
-782
714770
628942
1446785
83798
1463910
451465
538228
707341
1037916
692484
0
66967
409957
1100461
1377878
984266
737292
1335358
1319448
0
35521
723276
1499757
943762
0
0
699583
728127
822610
516343
146704
761084
590011
385651
1188715
777197
-29
0
970788
588063
974212
1156401
884235
613030
642557
-162
616341
-400
1174532
-59
413008
238804
383130
35319
879438
1353025
1037958
643593
331970
756406
1017387
38020
974733
311655
0
1183525
877854
1477353
0
822507
37002
54688
1463740
1052778
1309291
1186918
-215
16628
1317262
1170266
1437383
621381
62672
1016334
988070
0
1369819
284319
1195735
-39
1173151
623472
1479855
1242680
555978
855422
204328
417084
1132734
17013
1102693
1094836
223566
298517
894289
1245666
897287
1348249
825630
-584
1260924
100762
1008462
47922
-258
195535
803009
470712
245700
527916
545745
-999
1078815
132929
1159386
1252703
589472
393815
653841
1150194
-556
640084
0
1328965
1175310
849468
0
490337
-182
146387
1038431
1385382
1095457
0
935941
1480260
761445
388939
3681
572730
248148
766147
768808
0
324814
1334293
1120546
92036
1143512
-483
943195
934287
1033652
82907
684121
99397
1443496
1257162
1457068
172372
687422
133290
722980
533222
-357
539356
1294573
453190
171181
361518
425676
892665
192050
655276
529801
1467867
688375
758693
646359
478823
1421688
1422330
1267599
109525
1261942
959193
633731
926128
563410
475987
-85
0
888974
1408829
0
187646
1164144
420312
44749
518701
474298
1080957
988850
762411
1026134
1274815
76683
1406577
0
1064800
613335
512941
1327497
1397976
582533
174626
693629
-817
567024
981588
1490220
885689
686639
1281131
406545
960010
755991
884913
980834
-880
327112
968161
198042
943564
223371
1144293
838661
850042
798565
897984
488565
737594
909044
315270
1316637
844503
12075
457325
658671
1188971
581977
219381
997871
555695
963806
375375
0
1343602
399660
494984
194410
837418
1035374
447680
341897
586147
1024796
199187
592309
122406
0
1373692
677877
483457
-190
612742
923320
1088767
537899
1034376
1153642
-302
1109705
1188448
520670
502527
802401
760906
671224
537152
1443565
646582
901979
111034
254834
1389466
308253
1157781
186885
0
351757
965962
529818
353783
475153
223689
1108184
442366
793219
200677
931764
897874
1256991
193167
1243015
331196
797547
1390857
824125
1409016
1090872
0
0
469527
590198
1091218
325796
548409
765699
826785
1123950
58800
818236
-824
1318666
1462809
502992
0
1189304
1478110
1454203
492038
620079
474765
358672
937960
